
data_unit_conv;
shift_time = 0; 

% original units: OD 
% converted units: cells 
murphy.cells = [0           0.057609382
3.016528926	0.253456221
5           0.460829493
7.066115702	0.898617512
8.966942149	2.442396313
10.99173554	6.059907834
13.01652893	8.479262673
15          11.95852535
17.02479339	12.60368664
25          12.97235023
28.96694215	15.2764977
33.01652893	16.24423963
];

murphy.cells(:,1) = murphy.cells(:,1) - shift_time;            
murphy.cells(:,2) =  murphy.cells(:,2) .* OD_to_gdw .* gdw_to_cell;  


murphy.glucose = [0             18.50230415
4.917355372	15.62211982
6.94214876	13.84792627
8.925619835	9.746543779
10.95041322	4.723502304
12.9338843	0.875576037
14.95867769	0.046082949
16.98347107	0.023041475
24.95867769	0.046082949
28.96694215	0.046082949
32.97520661	0.069124424
];
murphy.glucose(:,1) = murphy.glucose(:,1) - shift_time;                          
murphy.glucose(:,2) = murphy.glucose(:,2) .* gl_gPerL_to_uM;                          

murphy.time_prot = [5
7
9
11
13
15
17
25
29
33
];

murphy.time_prot = murphy.time_prot - shift_time;                 

murphy.r = [0.322896718
0.298523087
0.280418058
0.248708736
0.23530654
0.224899312
0.216496565
0.17621143
0.162883304
0.157346309
];

murphy.z  = [0.488156358
0.506487987
0.517889563
0.526333861
0.527164652
0.534112936
0.53848405
0.524403658
0.528434491
0.52547051
];

murphy.gy = [0.058170753
0.062867756
0.06650149
0.080082272
0.082685555
0.082407135
0.079975998
0.074950785
0.072844222
0.075199353
];

murphy.mt = [0.029555184
0.031502618
0.035279327
0.040229277
0.043318687
0.046466406
0.04974401
0.077632094
0.082265716
0.082422198
];

murphy.sp = [0.00236937
0.002605252
0.003364624
0.005148368
0.006809406
0.007624516
0.007935932
0.007583931
0.007453054
0.007310381
];

murphy.sd = [0.000319466
0.000320331
0.00049621
0.000987373
0.001332652
0.001632027
0.001732942
0.001868859
0.001900574
0.001947977
];

murphy.fe = [0.020858887
0.021177278
0.020590042
0.021773902
0.021595797
0.020601486
0.020295837
0.023226991
0.025545191
0.027742663
];

murphy.gn = [0.003908052
0.003734602
0.003891785
0.004433992
0.00505177
0.005823295
0.007442321
0.023368228
0.02805539
0.032482446
];

murphy.as = [0.062207969
0.061580298
0.061687192
0.066556005
0.072178578
0.070206339
0.069637464
0.075224242
0.075777824
0.075116053
];

murphy.at = [0.008739571
0.008482766
0.006939166
0.003724404
0.00288999
0.00331379
0.004481717
0.009321544
0.008298843
0.008371153
];

murphy.ht = [0.002772645
0.002674161
0.002896338
0.001970878
0.001610537
0.002844744
0.003674663
0.005618616
0.005891649
0.005927643
];         




