
data_unit_conv; 
shift_time = 0; 

bartolomeo.cells = [0       0.042342132;
0.01	0.130950425;
2.02	0.180135764;
3.05	0.314747837;
4.03	0.403347675;
5.06	0.464763504;
6.01	0.639329951;
7.04	1.097472891;
8.03	1.592095104;
9.06	2.209576633;
10.04	2.614584088;
11.03	3.177146532;
12.05	3.321026864;
13.04	3.205415066;
14.03	3.471422965;
15.05	3.759506071;
16.03	3.826703802;
17.02	4.409377757;
18.04	4.860653052;
19.07	5.600761533;
];

bartolomeo.cells(:,1) = bartolomeo.cells(:,1) - shift_time;                 
bartolomeo.cells(:,2) = bartolomeo.cells(:,2) .* gdw_to_cell; 

bartolomeo.glucose = [0.00	23.0173576;
1.96	23.00598247;
2.97	22.53496798;
3.99	22.18023256;
5.00	21.53479946;
6.01	20.48238962;
6.99	18.03484159;
8.01	15.64522245;
8.99	10.58139535;
10.00	7.610380856;
11.01	2.313784968;
12.03	0.912537917;
13.04	0;
13.99	0;
15.00	0;
16.01	0;
17.03	0;
18.04	0;
19.02	0;
20.04	0;
];

bartolomeo.glucose(:,1) = bartolomeo.glucose(:,1) - shift_time;                 
bartolomeo.glucose(:,2) = bartolomeo.glucose(:,2) .* gl_gPerL_to_uM; 

bartolomeo.ethanol = [0.00	0;
2.01	0;
2.97	0.12371134;
4.01	0.206185567;
5.02	0.329896907;
5.99	0.632302405;
6.99	1.484536082;
7.99	1.979381443;
9.00	3.092783505;
10.00	3.381443299;
11.00	3.615120275;
11.97	4.962199313;
13.01	4.824742268;
13.98	4.481099656;
14.98	4.453608247;
15.95	3.890034364;
16.99	3.010309278;
17.99	2.817869416;
19.00	2.103092784;
20.00	1.29209622;
];                  

bartolomeo.ethanol(:,1) = bartolomeo.ethanol(:,1) - shift_time;                 
bartolomeo.ethanol(:,2) = bartolomeo.ethanol(:,2) .* eh_gPerL_to_uM; 

% original units: %v/v
% conversion factor for vol CO2 to g/L = 1.9
% conversion factor for g CO2/L to umol/L = 2.27*10^4
co2_conversion = 1.9 * 22722.1086116792;

bartolomeo.co2 = [0.01606484	0.191919192;
0.30348999	0.191919192;
0.576568076	0.194444444;
0.878340289	0.191919192;
1.108473961	0.212121212;
1.338607633	0.232323232;
1.554297466	0.244949495;
1.798681425	0.252525253;
2.071759511	0.255050505;
2.344885986	0.262626263;
2.574850299	0.265151515;
2.819234259	0.272727273;
3.063618218	0.28030303;
3.293655114	0.29040404;
3.538039073	0.297979798;
3.739333454	0.308080808;
3.954950705	0.313131313;
4.170664731	0.328282828;
4.357684631	0.348484848;
4.558954818	0.356060606;
4.77464465	0.368686869;
4.961640356	0.386363636;
5.162958931	0.398989899;
5.364277506	0.411616162;
5.551297405	0.431818182;
5.738293111	0.449494949;
5.925337204	0.472222222;
6.112357104	0.492424242;
6.299377004	0.512626263;
6.486396903	0.532828283;
6.673465191	0.558080808;
6.846138027	0.580808081;
7.033206315	0.606060606;
7.162813766	0.633838384;
7.306792476	0.661616162;
7.465166636	0.691919192;
7.580402831	0.71969697;
7.724429928	0.752525253;
7.854061574	0.782828283;
7.969321962	0.813131313;
8.070211093	0.843434343;
8.199866933	0.876262626;
8.300780258	0.909090909;
8.459154418	0.939393939;
8.560067743	0.972222222;
8.646609811	1.005050505;
8.776265651	1.037878788;
8.905969878	1.075757576;
8.992560334	1.113636364;
9.079199177	1.156565657;
9.165789633	1.194444444;
9.252380088	1.232323232;
9.367688865	1.267676768;
9.454255126	1.303030303;
9.569563902	1.338383838;
9.627436037	1.378787879;
9.699631041	1.414141414;
9.786173108	1.446969697;
9.8584165	    1.487373737;
9.945006956	1.525252525;
10.00287909	1.565656566;
10.07512248	1.606060606;
10.17613258	1.648989899;
10.26277143	1.691919192;
10.32069195	1.737373737;
10.39291115	1.775252525;
10.43638783	1.813131313;
10.53732535	1.848484848;
10.60966552	1.898989899;
10.63879514	1.939393939;
10.69664308	1.977272727;
10.78328192	2.02020202;
10.84120244	2.065656566;
10.87038045	2.111111111;
10.94267223	2.156565657;
10.98612472	2.191919192;
11.05836811	2.232323232;
11.11624025	2.272727273;
11.15971693	2.310606061;
11.21756487	2.348484848;
11.30420371	2.391414141;
11.37642291	2.429292929;
11.56346701	2.452020202;
11.67821932	2.429292929;
11.70662312	2.393939394;
11.7062844	2.358585859;
11.7346882	2.323232323;
11.76314039	2.292929293;
11.77722131	2.262626263;
11.76241456	2.217171717;
11.79086675	2.186868687;
11.80492349	2.154040404;
11.81888345	2.111111111;
11.81854473	2.075757576;
11.83257727	2.04040404;
11.83221436	2.002525253;
11.81748019	1.964646465;
11.81714147	1.929292929;
11.83117402	1.893939394;
11.84515817	1.853535354;
11.84477106	1.813131313;
11.84438396	1.772727273;
11.84404524	1.737373737;
11.85807778	1.702020202;
11.87215871	1.671717172;
11.88619125	1.636363636;
11.90022379	1.601010101;
11.89983669	1.560606061;
11.89947378	1.522727273;
11.91353051	1.48989899;
11.9131676	1.452020202;
11.92710337	1.406565657;
11.92669207	1.363636364;
11.92632916	1.325757576;
11.92601464	1.292929293;
11.94004718	1.257575758;
11.95403133	1.217171717;
11.95366842	1.179292929;
11.95323293	1.133838384;
11.95284582	1.093434343;
11.96678159	1.047979798;
11.98076574	1.007575758;
11.98035444	0.964646465;
11.97994314	0.921717172;
11.99399988	0.888888889;
11.99358858	0.845959596;
11.99315309	0.800505051;
12.00713724	0.76010101;
12.0210972	0.717171717;
12.03512974	0.681818182;
12.03471844	0.638888889;
12.06309805	0.601010101;
12.04838807	0.565656566;
12.06239642	0.527777778;
12.06198512	0.484848485;
12.07594508	0.441919192;
12.08990504	0.398989899;
12.10391339	0.361111111;
12.14666425	0.323232323;
12.1894393	0.287878788;
12.34786185	0.323232323;
12.50618762	0.348484848;
12.63574669	0.371212121;
12.80803242	0.353535354;
12.95150305	0.328282828;
13.15260388	0.318181818;
13.35372891	0.310606061;
13.55490232	0.308080808;
13.72745418	0.318181818;
13.9001996	0.348484848;
14.0154358	0.376262626;
14.1594145	0.404040404;
14.36085405	0.429292929;
14.57661646	0.449494949;
14.76363636	0.46969697;
14.99372165	0.484848485;
15.1663219	0.5;
15.36771306	0.52020202;
15.56903163	0.532828283;
15.79904434	0.54040404;
16.02903284	0.545454545;
16.27334422	0.545454545;
16.48888889	0.542929293;
16.71880481	0.54040404;
16.93444626	0.547979798;
17.15013609	0.560606061;
17.38017299	0.570707071;
17.59583863	0.580808081;
17.78281014	0.595959596;
17.99859675	0.618686869;
18.18564084	0.641414141;
18.41577451	0.661616162;
18.57410028	0.686868687;
18.7898627	0.707070707;
18.99130224	0.732323232;
19.16399927	0.757575758;
19.36543882	0.782828283;
19.59545152	0.79040404;
19.79691526	0.818181818;
19.96963648	0.845959596;
20.17107603	0.871212121;
20.2717958	0.883838384;
20.30017541	0.845959596;
20.2997883	0.805555556;
20.31379665	0.767676768;
20.31333696	0.71969697;
20.31292566	0.676767677;
20.31249017	0.631313131;
20.28336055	0.590909091;
20.31171596	0.550505051;
20.31142563	0.52020202;
20.31103853	0.47979798;
20.31069981	0.444444444;
20.33900683	0.398989899;
20.33857134	0.353535354;
20.39542733	0.287878788;
20.40955664	0.262626263;
20.56730176	0.227272727;
20.71077239	0.202020202;
20.91187322	0.191919192;
21.14183754	0.194444444;
21.35738221	0.191919192;
21.58732233	0.191919192;
];   

bartolomeo.co2(:,1) = bartolomeo.co2(:,1) - shift_time;                 
bartolomeo.co2(:,2) = bartolomeo.co2(:,2) * co2_conversion; 

bartolomeo.time_prot = [8.8;
12.5;
20;
];

bartolomeo.time_prot = bartolomeo.time_prot - shift_time;                 

bartolomeo.r = [0.226603063
0.19443835
0.156551926
];

bartolomeo.z  = [0.538742326
0.542406901
0.553080393
];

bartolomeo.gy = [0.068174965
0.072955029
0.047925537
];

bartolomeo.mt = [0.04421172
0.0531187
0.076093651
];

bartolomeo.sp = [0.005878213
0.020889385
0.016496229
];

bartolomeo.sd = [0.001175004
0.007179347
0.005779326
];

bartolomeo.fe = [0.016346213
0.013613455
0.016561166
];

bartolomeo.gn = [0.00551442
0.011889319
0.031493976
];

bartolomeo.as = [0.086779621
0.072884644
0.084084382
];

bartolomeo.at = [0.004003923
0.003572071
0.007472697
];

bartolomeo.ht = [0.002570531
0.007052799
0.004460716
];            


