function [glucose, ethanol,  cell, ...
precursor, atp, aa, prot_sec,  ...
tag, pl, paper_info, color, shape] =  SC_C_lim_batch()


data_unit_conv; 
plt_clrs = plot_colors; 

color.bartolomeo    = [141, 160, 203]./255; % purple
color.murphy        = plt_clrs.blue;    
color.zampar        = [102, 194, 165]./255; % green
color.solis         = plt_clrs.blue; 
color.casanovas     = [141, 160, 203]./255;
shape.bartolomeo    ='o';
shape.murphy        ='o';
shape.zampar        ='o';
shape.solis         ='s';
shape.casanovas     ='s'; 

%% zampar2013 
paper_info.gl.zampar     = 5;
paper_info.n.zampar      = 5;
paper_info.CN.zampar     = 2.2*paper_info.gl.zampar/paper_info.n.zampar ; 
paper_info.author.zampar = 'zampar2013'; 
paper_info.strain.zampar = 'FY4';

time_shift = 8; 

%{
% cells 
% original units: 
% (column 1) time: h, 0 is the time of glucose depletion 
% (column 2) biomass: gdw/l
cell.zampar = [-7.30	0.078085;
-6.38	0.13968;
-5.47	0.14647;
-4.72	0.19788;
-4.05	0.2425;
-4.05	0.240075;
-3.57	0.27645;
-3.57	0.2813;
-2.72	0.41225;
-2.72	0.400125;
-2.05	0.4753;
-1.93	0.50925;
-1.93	0.4947;
-1.25	0.60625;
-1.25	0.6111;
-0.90	0.6887;
-0.90	0.68385;
-0.60	0.7469;
-0.60	0.75175;
-0.42	0.80025;
-0.42	0.80995;
-0.20	0.83905;
-0.20	0.85845;
0.00	0.85845;
0.00	0.8633;
0.23	0.88755;
0.23	0.8924;
0.85	0.9215;
1.00	0.9118;
1.00	0.9215;
1.72	0.93605;
1.72	0.9409;
2.20	0.98455;
2.47	1.0185;
2.47	0.9991;
2.98	1.0088;
2.98	1.0088;
3.73	1.0864;
3.73	1.067;
4.75	1.1543;
4.75	1.1349;
5.50	1.164;
5.50	1.1737;
6.43	1.2319;
6.43	1.261;
7.12	1.2998;
7.12	1.3192;
];

cell.zampar(:,1) = cell.zampar(:,1) + time_shift;        
% converted to number of cells
% cell.zampar(:,2) = cell.zampar(:,2) * 1/gdw_per_cell;

% glucose 
% original units: 
% (column 1) time: h, 0 is the time of glucose depletion 
% (column 2) glucose: mM             
glucose.zampar  = [-5.44	25.11058279;
-4.66	23.53999832;
-4.19	22.30971886;
-3.84	21.0099386;
-3.46	19.84930777;
-2.64	16.63684717;
-2.06	13.80200438;
-1.81	12.87229941;
-0.89	6.662928519;
-0.57	3.858016874;
-0.34	2.214053897;
-0.19	1.141121992;
0.19	0;
0.49	0;
1.28	0;
2.09	0;
2.84	0;
3.59	0;
4.38	0;
5.16	0;
5.86	0;
6.54	0;
7.36	0;
8.06	0;
]; 

glucose.zampar(:,1) = glucose.zampar(:,1) + time_shift;                    
glucose.zampar(:,2) = glucose.zampar(:,2) * mmol_to_umol; 

% ethanol 
% original units: 
% (column 1) time: h, 0 is the time of glucose depletion 
% (column 2) ethanol: mM                      
ethanol.zampar = [-5.44	 7.431110028;
-4.66	 9.245452616;
-4.19	 9.842484111;
-3.84	 11.23055769;
-3.46	 13.23785976;
-2.64	 18.4383629;
-2.06	 19.61108559;
-1.81	 23.51048405;
-0.89	 30.395317;
-0.57	 35.07441205;
-0.34	 36.81139104;
-0.19	 35.61901259;
0.19	 39.20267855;
0.49	 35.79713614;
1.28	 33.33474176;
2.09	 33.06180243;
2.84	 30.20787897;
3.59	 29.16053558;
4.38	 29.52023432;
5.16	 23.66487361;
5.86	 24.64438923;
6.54	 20.36673684;
7.36	 19.51501417;
8.06	 19.2327466;
];

ethanol.zampar(:,1) = ethanol.zampar(:,1) + time_shift;                   
ethanol.zampar(:,2) = ethanol.zampar(:,2) * mmol_to_umol; 
%}


% pyruvate
% original units: 
% (column 1) time: h, 0 is the time of glucose depletion 
% (column 2) pyruvate: mM

% converted units: 
% pyruvate: uM 

precursor.pyruvate.zampar = [-3.81         1.191440038
-1.51         0.758839429
-0.543333333	 1.018747541
-0.543333333	 1.029588061
-0.31         0.968585934
-0.31         0.986965933
-0.16         0.767798646
0.223333333	 0.65151409
0.223333333	 0.824716429
0.523333333	 0.816080422
0.523333333	 1.236315107
1.306666667	 0.452925728
1.306666667	 0.430432076
2.873333333	 0.338042696
4.406666667	 0.419636552
5.89          0.311774449
5.89          0.382428152
6.573333333	 0.215476674
6.573333333	 0.364147912
7.39          0.334717111
];

precursor.pyruvate.zampar(:,1) = precursor.pyruvate.zampar(:,1) + time_shift;                   
precursor.pyruvate.zampar(:,2) = precursor.pyruvate.zampar(:,2) * 1000; 

% g6p
% original units: 
% (column 1) time: h, 0 is the time of glucose depletion 
% (column 2) pyruvate: mM

% converted units: 
% pyruvate: uM 

precursor.g6p.zampar = [-3.81         0.833714901
-1.51         0.801279512
-0.543333333	0.757362155
-0.543333333	0.60440057
-0.31         0.650539563
-0.31     	0.755301823
-0.16         0.488678892
0.223333333	0.266166492
0.223333333	0.25790118
0.523333333	0.16921039
0.523333333	0.269162873
1.306666667	0.183526668
1.306666667	0.160306998
2.873333333	0.18254046
4.406666667	0.291869652
5.89         0.268925288
5.89         0.285257835
6.573333333	0.193722854
6.573333333	0.328809327
7.39         0.301468945
];

precursor.g6p.zampar(:,1) = precursor.g6p.zampar(:,1) + time_shift;                   
precursor.g6p.zampar(:,2) = precursor.g6p.zampar(:,2) * 1000; 


precursor.f6p_g1p.zampar = [-3.81	0.089841192	;
-1.51	0.122446728	;
-0.543333333	0.098008469	;
-0.543333333	0.080271335	;
-0.31	0.098138735	;
-0.31	0.104136178	;
-0.16	0.055372008	;
0.223333333	0.067388388	;
0.223333333	0.051387221	;
0.523333333	0.045926583	;
0.523333333	0.091705975	;
1.306666667	0.044253808	;
1.306666667	0.050601601	;
2.873333333	0.058390833	;
4.406666667	0.087500444	;
5.89	0.093250859	;
5.89	0.080116597	;
6.573333333	0.067466823	;
6.573333333	0.103380114	;
7.39	0.090731898	;];


precursor.f6p_g1p.zampar(:,1) = precursor.f6p_g1p.zampar(:,1) + time_shift;                   
precursor.f6p_g1p.zampar(:,2) = precursor.f6p_g1p.zampar(:,2) * 1000;  

precursor.f16bp.zampar = [-3.81	0.450942804	;
-1.51	0.812787661	;
-0.543333333	0.754056382	;
-0.543333333	0.636734454	;
-0.31	0.4446356	;
-0.31	0.562276774	;
-0.16	0.385126821	;
0.223333333	0.057797916	;
0.223333333	0.047858153	;
0.523333333	0.010101245	;
0.523333333	0.023896757	;
1.306666667	0.007998989	;
1.306666667	0.008764365	;
2.873333333	0.014799899	;
4.406666667	0.028306412	;
5.89	0.026428602	;
5.89	0.021966069	;
6.573333333	0.011188198	;
6.573333333	0.016531895	;
7.39	0.019012223	;];


precursor.f16bp.zampar(:,1) = precursor.f16bp.zampar(:,1) + time_shift;                   
precursor.f16bp.zampar(:,2) = precursor.f16bp.zampar(:,2) * 1000; 


precursor.dhap.zampar = [-3.81	0.156298171	;
-1.51	0.176917244	;
-0.543333333	0.128438932	;
-0.543333333	0.229766288	;
-0.31	0.089288533	;
-0.31	0.199781484	;
-0.16	0.063389557	;
0.223333333	0.031732311	;
0.223333333	0.021960812	;
0.523333333	0.013021679	;
0.523333333	0.028547809	;
1.306666667	0.011460699	;
1.306666667	0.006510911	;
2.873333333	0.030210788	;
4.406666667	0.067264847	;
5.89	0.060813385	;
5.89	0.033804369	;
6.573333333	0.031087014	;
6.573333333	0.039585386	;
7.39	0.06524125	;];


precursor.dhap.zampar(:,1) = precursor.dhap.zampar(:,1) + time_shift;                   
precursor.dhap.zampar(:,2) = precursor.dhap.zampar(:,2) * 1000; 


precursor.up2pg.zampar = [-3.81	0.03242419	;
-1.51	0.020326449	;
-0.543333333	0.014555359	;
-0.543333333	0.027668282	;
-0.31	0.003846273	;
-0.31	0.015780343	;
-0.16	0.016767827	;
0.223333333	0.023440628	;
0.223333333	0.010840951	;
0.523333333	0.019409095	;
0.523333333	0.039014287	;
1.306666667	0	;
1.306666667	0.005468523	;
2.873333333	0.003500814	;
4.406666667	0	;
5.89	0.000591858	;
5.89	0.002543478	;
6.573333333	0	;
6.573333333	0.000248341	;
7.39	0.001383542	;];


precursor.up2pg.zampar(:,1) = precursor.up2pg.zampar(:,1) + time_shift;                   
precursor.up2pg.zampar(:,2) = precursor.up2pg.zampar(:,2) * 1000; 




precursor.pep.zampar = [-3.81	0.018988242	;
-1.51	0.035726427	;
-0.543333333	0.042853109	;
-0.543333333	0.041805539	;
-0.31	0.053299549	;
-0.31	0.061563515	;
-0.16	0.048515218	;
0.223333333	0.140227734	;
0.223333333	0.126409105	;
0.523333333	0.130257058	;
0.523333333	0.227947182	;
1.306666667	0.148970575	;
1.306666667	0.160956928	;
2.873333333	0.216699017	;
4.406666667	0.21720567	;
5.89	0.204682885	;
5.89	0.237916185	;
6.573333333	0.138765621	;
6.573333333	0.223587935	;
7.39	0.189140093	;];


precursor.pep.zampar(:,1) = precursor.pep.zampar(:,1) + time_shift;                   
